9 0.092295 0.228048 0.054591 0.174766
3 0.180401 0.226627 0.063574 0.174766
8 0.279908 0.222364 0.073249 0.154874
2 0.368014 0.200341 0.061501 0.164820
1 0.442645 0.219274 0.075322 0.191319
6 0.543535 0.204355 0.093288 0.167164
7 0.621275 0.217853 0.062192 0.162901
5 0.690377 0.207907 0.074631 0.172421
4 0.767427 0.212418 0.061501 0.166240
0 0.850004 0.222826 0.081541 0.229682
9 0.092295 0.228048 0.054591 0.174766
3 0.180401 0.226627 0.063574 0.174766
8 0.279908 0.222364 0.073249 0.154874
2 0.368014 0.200341 0.061501 0.164820
1 0.442645 0.219274 0.075322 0.191319
6 0.543535 0.204355 0.093288 0.167164
7 0.621275 0.217853 0.062192 0.162901
5 0.690377 0.207907 0.074631 0.172421
4 0.767427 0.212418 0.061501 0.166240
0 0.850004 0.222826 0.081541 0.229682
9 0.086767 0.603154 0.054591 0.174766
3 0.162089 0.612141 0.054591 0.139741
8 0.340719 0.610010 0.059428 0.141162
2 0.265742 0.614983 0.060119 0.142583
1 0.413276 0.605499 0.055282 0.140665
6 0.489980 0.605037 0.064956 0.155797
7 0.549408 0.597222 0.044226 0.148693
5 0.600544 0.606920 0.051136 0.157715
4 0.649261 0.599354 0.040770 0.152955
0 0.702816 0.599354 0.056664 0.187056
4 0.571867 0.888427 0.031096 0.125036
0 0.612983 0.894111 0.040079 0.159136
5 0.529369 0.876883 0.051136 0.157715
7 0.470631 0.905548 0.044226 0.148693
6 0.407748 0.890629 0.064956 0.155797
1 0.342792 0.903879 0.055282 0.140665
8 0.279908 0.891340 0.059428 0.141162
2 0.213916 0.901996 0.060119 0.142583
3 0.145504 0.907680 0.054591 0.139741
9 0.086767 0.885905 0.054591 0.174766