9 0.113026 0.232791 0.054591 0.205257
3 0.194221 0.222778 0.063574 0.205257
8 0.270925 0.209428 0.073249 0.181894
2 0.338991 0.181894 0.061501 0.193575
1 0.438153 0.181894 0.073249 0.186900
6 0.515203 0.178557 0.078086 0.213600
7 0.616092 0.176888 0.097435 0.186900
5 0.706271 0.173550 0.060810 0.210263
4 0.792304 0.192741 0.061501 0.195244
0 0.904941 0.176888 0.096053 0.140175
0 0.802324 0.494785 0.074631 0.171882
0 0.796795 0.816020 0.060810 0.136838
4 0.702816 0.514810 0.058046 0.175219
5 0.719746 0.828536 0.051827 0.145181
5 0.637169 0.816854 0.033169 0.111806
7 0.568757 0.829370 0.040079 0.113475
6 0.492053 0.829370 0.044226 0.130163
1 0.418459 0.846058 0.042153 0.116813
2 0.344519 0.858573 0.043535 0.135169
8 0.265397 0.852733 0.049754 0.113475
3 0.196294 0.859408 0.038697 0.116813
9 0.114753 0.858573 0.030405 0.118481
9 0.113371 0.553191 0.023495 0.171882
3 0.191803 0.532332 0.051827 0.166875
8 0.266088 0.531498 0.053900 0.138506
2 0.344174 0.528995 0.058046 0.126825
1 0.423987 0.524823 0.053209 0.131831
6 0.489980 0.518148 0.060810 0.178557
7 0.564611 0.527326 0.060810 0.143513
5 0.640624 0.513976 0.053900 0.183563