0 0.133191 0.272562 0.034900 0.093806
9 0.206197 0.262858 0.024217 0.103510
3 0.258547 0.265284 0.047721 0.105127
8 0.309117 0.253154 0.032051 0.129387
2 0.381410 0.253154 0.035613 0.116448
1 0.438390 0.253154 0.037037 0.106744
6 0.515313 0.227276 0.035613 0.116448
7 0.583689 0.229702 0.031339 0.137474
5 0.657764 0.208677 0.029915 0.118066
4 0.720442 0.217572 0.039886 0.145560
0 0.146724 0.494137 0.034900 0.093806
9 0.209758 0.495754 0.024217 0.103510
3 0.259972 0.488476 0.047721 0.105127
8 0.311966 0.468260 0.032051 0.129387
2 0.375000 0.474729 0.035613 0.116448
1 0.438390 0.440765 0.037037 0.106744
6 0.501068 0.437530 0.035613 0.116448
7 0.573006 0.422166 0.031339 0.137474
5 0.649929 0.420548 0.029915 0.118066
4 0.711182 0.414888 0.039886 0.145560
0 0.146724 0.494137 0.034900 0.093806
9 0.209758 0.495754 0.024217 0.103510
3 0.259972 0.488476 0.047721 0.105127
8 0.311966 0.468260 0.032051 0.129387
2 0.375000 0.474729 0.035613 0.116448
1 0.438390 0.440765 0.037037 0.106744
6 0.501068 0.437530 0.035613 0.116448
7 0.573006 0.422166 0.031339 0.137474
5 0.649929 0.420548 0.029915 0.118066
4 0.711182 0.414888 0.039886 0.145560
0 0.151709 0.709243 0.036325 0.129387
9 0.211895 0.696304 0.024217 0.103510
3 0.267806 0.685792 0.047721 0.105127
8 0.327635 0.668810 0.032051 0.129387
2 0.399573 0.651828 0.043447 0.127770
1 0.466168 0.633228 0.037037 0.106744
6 0.525997 0.620290 0.035613 0.116448
7 0.588675 0.627568 0.031339 0.137474
5 0.651709 0.614629 0.042023 0.150412
4 0.712607 0.620290 0.039886 0.145560